CLIENT_ID = 0.0.3562120
CLIENT_PRIVATE_KEY = 302e020100300506032b65700422042003f4ae46e597c514f472b72fa3b6d9706483a22fea135c27f8af12c6939654a3

ACCOUNT1_ID = 0.0.3836328
ACCOUNT1_PRIVATE_KEY = 302e020100300506032b6570042204204799c79f59dcb4f6a4115114be102607e97aec10419104fe65d89e45b1c87b86
ACCOUNT1_PUBLIC_KEY = 302a300506032b6570032100ac6cf6e9ad851ed92b368669695d182e36cf11e0e66e6e416e19c939f8a2bf13

ACCOUNT2_ID = 0.0.3836332
ACCOUNT2_PRIVATE_KEY = 302e020100300506032b65700422042093625cf0bff10954e0e095766999606bdf4ced82e36cbd7a181be5208dd53484
ACCOUNT2_PUBLIC_KEY = 302a300506032b657003210050c2e599481432bfbf9837ce9f597e251ae0bc0058961d23fd0d4f0feac705b6

ACCOUNT3_ID = 0.0.3836334
ACCOUNT3_PRIVATE_KEY = 302e020100300506032b65700422042098968f1917204b2a539e861d53404bdfc1cf63d452f9dbf8fa0548c0aa6a3d4a
ACCOUNT3_PUBLIC_KEY = 302a300506032b6570032100cd26d0591b23d8293e91ba8a2cc2fd1aa16b8b0a2afbd58723f7523fe1f6223a

ACCOUNT4_ID = 0.0.3836337
ACCOUNT4_PRIVATE_KEY = 302e020100300506032b657004220420f1c3649aa4ffa32e99d839e48829accb3050c23fdd2982a7656490406a175103
ACCOUNT4_PUBLIC_KEY = 302a300506032b657003210011625a2019e0dd3d74872c1e6f41956eeddb5a2f06e544accdeb75280bde9782

ACCOUNT5_ID = 0.0.3836338
ACCOUNT5_PRIVATE_KEY = 302e020100300506032b65700422042049f65b678cda56fc4af79d0386ad16f6fd2c96cb05c9d9f5c87e7b492db1e60f
ACCOUNT5_PUBLIC_KEY = 302a300506032b657003210059893d852355c9786c4d1bd354eebf583e46c9577f981578edcdbcb39b669525