ACCOUNT1_ID= 0.0.3836328
ACCOUNT1_PRIVATE_KEY= 302e020100300506032b6570042204204799c79f59dcb4f6a4115114be102607e97aec10419104fe65d89e45b1c87b86
ACCOUNT1_PUBLIC_KEY= 302a300506032b6570032100ac6cf6e9ad851ed92b368669695d182e36cf11e0e66e6e416e19c939f8a2bf13

ACCOUNT2_ID= 0.0.3836332
ACCOUNT2_PRIVATE_KEY= 302e020100300506032b65700422042093625cf0bff10954e0e095766999606bdf4ced82e36cbd7a181be5208dd53484
ACCOUNT2_PUBLIC_KEY= 302a300506032b657003210050c2e599481432bfbf9837ce9f597e251ae0bc0058961d23fd0d4f0feac705b6