CLIENT_ID = 0.0.3562120
CLIENT_PRIVATE_KEY = 302e020100300506032b65700422042003f4ae46e597c514f472b72fa3b6d9706483a22fea135c27f8af12c6939654a3

ACCOUNT1_ID= 0.0.3836328
ACCOUNT1_PRIVATE_KEY= 302e020100300506032b6570042204204799c79f59dcb4f6a4115114be102607e97aec10419104fe65d89e45b1c87b86
ACCOUNT1_PUBLIC_KEY= 302a300506032b6570032100ac6cf6e9ad851ed92b368669695d182e36cf11e0e66e6e416e19c939f8a2bf13

CONTRACT_ID = 0.0.3838484